       1.000E-03 5.805E-01 8.424E-02 1.141E+01 0.000E+00 0.000E+00 1.207E+01 1.149E+01
       1.500E-03 4.985E-01 1.650E-01 2.932E+00 0.000E+00 0.000E+00 3.595E+00 3.097E+00
       2.000E-03 4.141E-01 2.478E-01 1.111E+00 0.000E+00 0.000E+00 1.773E+00 1.359E+00
       3.000E-03 2.764E-01 3.822E-01 2.806E-01 0.000E+00 0.000E+00 9.392E-01 6.628E-01
       4.000E-03 1.881E-01 4.675E-01 1.053E-01 0.000E+00 0.000E+00 7.609E-01 5.728E-01
       5.000E-03 1.341E-01 5.187E-01 4.907E-02 0.000E+00 0.000E+00 7.019E-01 5.678E-01
       6.000E-03 9.988E-02 5.503E-01 2.627E-02 0.000E+00 0.000E+00 6.764E-01 5.766E-01
       8.000E-03 6.126E-02 5.840E-01 9.816E-03 0.000E+00 0.000E+00 6.551E-01 5.938E-01
       1.000E-02 4.121E-02 5.993E-01 4.558E-03 0.000E+00 0.000E+00 6.451E-01 6.039E-01
       1.500E-02 1.943E-02 6.095E-01 1.128E-03 0.000E+00 0.000E+00 6.301E-01 6.106E-01
       2.000E-02 1.119E-02 6.068E-01 4.182E-04 0.000E+00 0.000E+00 6.184E-01 6.072E-01
       3.000E-02 5.062E-03 5.924E-01 1.032E-04 0.000E+00 0.000E+00 5.976E-01 5.925E-01
       4.000E-02 2.866E-03 5.759E-01 3.823E-05 0.000E+00 0.000E+00 5.788E-01 5.759E-01
       5.000E-02 1.840E-03 5.597E-01 1.771E-05 0.000E+00 0.000E+00 5.616E-01 5.597E-01
       6.000E-02 1.280E-03 5.444E-01 9.455E-06 0.000E+00 0.000E+00 5.457E-01 5.444E-01
       8.000E-02 7.211E-04 5.166E-01 3.523E-06 0.000E+00 0.000E+00 5.173E-01 5.166E-01
       1.000E-01 4.619E-04 4.923E-01 1.644E-06 0.000E+00 0.000E+00 4.928E-01 4.923E-01
       1.500E-01 2.055E-04 4.435E-01 4.176E-07 0.000E+00 0.000E+00 4.437E-01 4.435E-01
       2.000E-01 1.156E-04 4.064E-01 1.611E-07 0.000E+00 0.000E+00 4.065E-01 4.064E-01
       3.000E-01 5.139E-05 3.535E-01 4.414E-08 0.000E+00 0.000E+00 3.536E-01 3.535E-01
       4.000E-01 2.891E-05 3.168E-01 1.858E-08 0.000E+00 0.000E+00 3.168E-01 3.168E-01
       5.000E-01 1.850E-05 2.893E-01 9.927E-09 0.000E+00 0.000E+00 2.893E-01 2.893E-01
       6.000E-01 1.285E-05 2.676E-01 6.158E-09 0.000E+00 0.000E+00 2.676E-01 2.676E-01
       8.000E-01 7.227E-06 2.351E-01 3.118E-09 0.000E+00 0.000E+00 2.351E-01 2.351E-01
       1.000E+00 4.625E-06 2.114E-01 1.961E-09 0.000E+00 0.000E+00 2.114E-01 2.114E-01
       1.022E+00 4.428E-06 2.092E-01 1.880E-09 0.000E+00 0.000E+00 2.092E-01 2.092E-01
       1.250E+00 2.960E-06 1.890E-01 1.304E-09 7.805E-06 0.000E+00 1.890E-01 1.890E-01
       1.500E+00 2.056E-06 1.718E-01 9.732E-10 4.385E-05 0.000E+00 1.718E-01 1.718E-01
       2.000E+00 1.156E-06 1.466E-01 6.201E-10 1.758E-04 0.000E+00 1.468E-01 1.468E-01
       2.044E+00 1.107E-06 1.448E-01 6.004E-10 1.895E-04 0.000E+00 1.450E-01 1.450E-01
       3.000E+00 5.139E-07 1.153E-01 3.524E-10 5.048E-04 4.035E-05 1.158E-01 1.158E-01
       4.000E+00 2.891E-07 9.620E-02 2.444E-10 8.202E-04 1.647E-04 9.719E-02 9.718E-02
       5.000E+00 1.850E-07 8.308E-02 1.866E-10 1.102E-03 3.283E-04 8.451E-02 8.451E-02
       6.000E+00 1.285E-07 7.343E-02 1.508E-10 1.355E-03 5.042E-04 7.529E-02 7.529E-02
       7.000E+00 9.439E-08 6.600E-02 1.264E-10 1.580E-03 6.798E-04 6.826E-02 6.826E-02
       8.000E+00 7.227E-08 6.007E-02 1.088E-10 1.784E-03 8.503E-04 6.270E-02 6.270E-02
       9.000E+00 5.710E-08 5.522E-02 9.546E-11 1.970E-03 1.014E-03 5.820E-02 5.820E-02
       1.000E+01 4.625E-08 5.116E-02 8.503E-11 2.138E-03 1.170E-03 5.447E-02 5.447E-02
       1.100E+01 3.823E-08 4.772E-02 7.665E-11 2.292E-03 1.318E-03 5.133E-02 5.133E-02
       1.200E+01 3.212E-08 4.475E-02 6.977E-11 2.433E-03 1.458E-03 4.864E-02 4.864E-02
       1.300E+01 2.737E-08 4.216E-02 6.401E-11 2.565E-03 1.590E-03 4.632E-02 4.632E-02
       1.400E+01 2.360E-08 3.988E-02 5.914E-11 2.688E-03 1.716E-03 4.428E-02 4.428E-02
       1.500E+01 2.056E-08 3.786E-02 5.495E-11 2.803E-03 1.836E-03 4.250E-02 4.250E-02
       1.600E+01 1.807E-08 3.606E-02 5.131E-11 2.912E-03 1.951E-03 4.092E-02 4.092E-02
       1.800E+01 1.428E-08 3.296E-02 4.531E-11 3.112E-03 2.164E-03 3.824E-02 3.824E-02
       2.000E+01 1.156E-08 3.039E-02 4.057E-11 3.292E-03 2.359E-03 3.604E-02 3.604E-02
       2.200E+01 9.556E-09 2.823E-02 3.672E-11 3.457E-03 2.539E-03 3.423E-02 3.423E-02
       2.400E+01 8.030E-09 2.638E-02 3.354E-11 3.608E-03 2.706E-03 3.269E-02 3.269E-02
       2.600E+01 6.842E-09 2.477E-02 3.087E-11 3.747E-03 2.862E-03 3.138E-02 3.138E-02
       2.800E+01 5.899E-09 2.336E-02 2.859E-11 3.877E-03 3.007E-03 3.024E-02 3.024E-02
       3.000E+01 5.139E-09 2.212E-02 2.662E-11 3.998E-03 3.143E-03 2.926E-02 2.926E-02
       4.000E+01 2.890E-09 1.758E-02 1.981E-11 4.506E-03 3.719E-03 2.581E-02 2.581E-02
       5.000E+01 1.850E-09 1.468E-02 1.577E-11 4.902E-03 4.173E-03 2.376E-02 2.376E-02
       6.000E+01 1.284E-09 1.264E-02 1.310E-11 5.225E-03 4.546E-03 2.241E-02 2.241E-02
       8.000E+01 7.222E-10 9.972E-03 9.787E-12 5.731E-03 5.136E-03 2.084E-02 2.084E-02
       1.000E+02 4.620E-10 8.276E-03 7.811E-12 6.116E-03 5.593E-03 1.999E-02 1.999E-02
       1.500E+02 2.054E-10 5.894E-03 5.191E-12 6.781E-03 6.412E-03 1.909E-02 1.909E-02
       2.000E+02 1.155E-10 4.621E-03 3.887E-12 7.214E-03 6.976E-03 1.881E-02 1.881E-02
       3.000E+02 5.134E-11 3.275E-03 2.587E-12 7.753E-03 7.731E-03 1.876E-02 1.876E-02
       4.000E+02 2.888E-11 2.565E-03 1.939E-12 8.079E-03 8.223E-03 1.887E-02 1.887E-02
       5.000E+02 1.848E-11 2.123E-03 1.550E-12 8.300E-03 8.575E-03 1.900E-02 1.900E-02
       6.000E+02 1.283E-11 1.818E-03 1.291E-12 8.461E-03 8.841E-03 1.912E-02 1.912E-02
       8.000E+02 7.219E-12 1.420E-03 9.682E-13 8.680E-03 9.223E-03 1.932E-02 1.932E-02
       1.000E+03 4.620E-12 1.168E-03 7.744E-13 8.824E-03 9.485E-03 1.948E-02 1.948E-02
       1.500E+03 2.054E-12 8.159E-04 5.161E-13 9.035E-03 9.888E-03 1.974E-02 1.974E-02
       2.000E+03 1.155E-12 6.314E-04 3.870E-13 9.153E-03 1.012E-02 1.990E-02 1.990E-02
       3.000E+03 5.134E-13 4.390E-04 2.580E-13 9.277E-03 1.038E-02 2.010E-02 2.010E-02
       4.000E+03 2.888E-13 3.389E-04 1.934E-13 9.353E-03 1.053E-02 2.022E-02 2.022E-02
       5.000E+03 1.848E-13 2.771E-04 1.548E-13 9.397E-03 1.063E-02 2.030E-02 2.030E-02
       6.000E+03 1.283E-13 2.350E-04 1.290E-13 9.428E-03 1.070E-02 2.036E-02 2.036E-02
       8.000E+03 7.219E-14 1.810E-04 9.671E-14 9.469E-03 1.079E-02 2.044E-02 2.044E-02
       1.000E+04 4.620E-14 1.478E-04 7.737E-14 9.495E-03 1.085E-02 2.049E-02 2.049E-02
       1.500E+04 2.054E-14 1.021E-04 5.158E-14 9.529E-03 1.093E-02 2.056E-02 2.056E-02
       2.000E+04 1.155E-14 7.853E-05 3.868E-14 9.549E-03 1.097E-02 2.060E-02 2.060E-02
       3.000E+04 5.134E-15 5.416E-05 2.579E-14 9.567E-03 1.102E-02 2.064E-02 2.064E-02
       4.000E+04 2.888E-15 4.158E-05 1.934E-14 9.581E-03 1.105E-02 2.067E-02 2.067E-02
       5.000E+04 1.848E-15 3.386E-05 1.547E-14 9.588E-03 1.106E-02 2.068E-02 2.068E-02
       6.000E+04 1.283E-15 2.862E-05 1.289E-14 9.592E-03 1.108E-02 2.070E-02 2.070E-02
       8.000E+04 7.219E-16 2.195E-05 9.670E-15 9.597E-03 1.109E-02 2.071E-02 2.071E-02
       1.000E+05 4.620E-16 1.785E-05 7.736E-15 9.601E-03 1.110E-02 2.072E-02 2.072E-02
